012	22/45	0.41%	231.22	120.0	706(2008268~2010256)	256	261	1.13	-0.04
013	39/45	0.73%	132.95	120.0	646(2015050~2016337)	53	20	0.15	0.28
023	36/45	0.68%	143.73	120.0	646(2013331~2015260)	49	271	1.89	-1.85
123	32/45	0.6%	161.15	120.0	765(2010206~2012254)	478	125	0.78	2.94
014	35/45	0.66%	147.72	120.0	582(2010285~2012150)	2	133	0.9	-1.09
024	23/45	0.43%	221.58	120.0	505(2007228~2009095)	333	157	0.71	1.47
124	32/45	0.6%	161.15	120.0	620(2015201~2017104)	282	318	1.97	-0.3
034	43/45	0.81%	120.86	120.0	510(2013084~2014235)	9	102	0.84	-0.78
134	34/45	0.64%	151.94	120.0	715(2017081~2019079)	39	23	0.15	0.13
234	32/45	0.6%	161.15	120.0	695(2004023~2006284)	230	8	0.05	1.85
015	30/45	0.56%	171.55	120.0	619(2015007~2016267)	23	160	0.93	-1.14
025	24/45	0.45%	212.72	120.0	870(2009351~2012146)	690	351	1.65	2.83
125	26/45	0.49%	196.96	120.0	598(2008187~2010067)	259	4	0.02	2.13
035	31/45	0.58%	166.19	120.0	736(2012344~2015005)	307	187	1.13	1.0
135	46/45	0.86%	113.15	120.0	407(2014326~2016016)	127	26	0.23	0.84
235	20/45	0.38%	253.24	120.0	856(2007262~2010122)	314	118	0.47	1.63
045	34/45	0.64%	151.94	120.0	481(2009039~2010161)	4	108	0.71	-0.87
145	30/45	0.56%	171.55	120.0	673(2004023~2006262)	253	290	1.69	-0.31
245	31/45	0.58%	166.19	120.0	728(2008340~2010350)	218	123	0.74	0.79
345	27/45	0.51%	189.93	120.0	607(2012326~2014216)	296	36	0.19	2.17
016	38/45	0.71%	136.36	120.0	442(2012294~2014018)	46	56	0.41	-0.08
026	21/45	0.39%	241.73	120.0	716(2016051~2018050)	716	647	2.68	0.58
126	32/45	0.6%	161.15	120.0	703(2012158~2014144)	187	38	0.24	1.24
036	35/45	0.66%	147.72	120.0	612(2015153~2017048)	101	25	0.17	0.63
136	38/45	0.71%	136.36	120.0	837(2008032~2010230)	107	119	0.87	-0.1
236	38/45	0.71%	136.36	120.0	724(2004065~2006355)	33	47	0.34	-0.12
046	23/45	0.43%	221.58	120.0	693(2011005~2012339)	198	59	0.27	1.16
146	32/45	0.6%	161.15	120.0	512(2006322~2008198)	328	164	1.02	1.37
246	30/45	0.56%	171.55	120.0	742(2007107~2009211)	389	30	0.17	2.99
346	35/45	0.66%	147.72	120.0	511(2006147~2007300)	39	411	2.78	-3.1
056	38/45	0.71%	136.36	120.0	636(2011254~2013172)	489	455	3.34	0.28
156	26/45	0.49%	196.96	120.0	740(2010140~2012163)	252	90	0.46	1.35
256	29/45	0.55%	177.27	120.0	786(2004023~2007018)	49	2	0.01	0.39
356	22/45	0.41%	231.22	120.0	882(2008204~2011010)	6	417	1.8	-3.43
456	28/45	0.53%	183.38	120.0	888(2014082~2016253)	278	28	0.15	2.08
017	35/45	0.66%	147.72	120.0	571(2017304~2019158)	167	9	0.06	1.32
027	23/45	0.43%	221.58	120.0	1104(2010270~2013298)	153	303	1.37	-1.25
127	30/45	0.56%	171.55	120.0	610(2014049~2015300)	567	98	0.57	3.91
037	33/45	0.62%	156.41	120.0	675(2005205~2007164)	483	329	2.1	1.28
137	45/45	0.85%	115.61	120.0	586(2013086~2014313)	20	126	1.09	-0.88
237	26/45	0.49%	196.96	120.0	711(2014007~2016001)	328	311	1.58	0.14
047	40/45	0.75%	129.71	120.0	497(2017089~2018227)	185	3	0.02	1.52
147	35/45	0.66%	147.72	120.0	623(2011101~2013006)	125	67	0.45	0.48
247	24/45	0.45%	212.72	120.0	1170(2015083~2018178)	1170	516	2.43	5.45
347	34/45	0.64%	151.94	120.0	463(2008188~2009291)	43	141	0.93	-0.82
057	33/45	0.62%	156.41	120.0	504(2014002~2015147)	231	233	1.49	-0.02
157	35/45	0.66%	147.72	120.0	471(2014191~2015303)	100	49	0.33	0.43
257	25/45	0.47%	204.54	120.0	528(2012243~2014053)	340	284	1.39	0.47
357	39/45	0.73%	132.95	120.0	806(2014041~2016130)	108	291	2.19	-1.53
457	34/45	0.64%	151.94	120.0	527(2017104~2018272)	178	117	0.77	0.51
067	36/45	0.68%	143.73	120.0	654(2004023~2006243)	110	89	0.62	0.18
167	39/45	0.73%	132.95	120.0	427(2014048~2015116)	187	225	1.69	-0.32
267	29/45	0.55%	177.27	120.0	510(2017346~2019139)	171	24	0.14	1.23
367	28/45	0.53%	183.38	120.0	510(2015068~2016219)	187	312	1.7	-1.04
467	35/45	0.66%	147.72	120.0	763(2015309~2017355)	15	128	0.87	-0.94
567	31/45	0.58%	166.19	120.0	506(2013058~2014205)	276	22	0.13	2.12
018	38/45	0.71%	136.36	120.0	625(2012239~2014147)	130	80	0.59	0.42
028	34/45	0.64%	151.94	120.0	427(2009059~2010127)	427	306	2.01	1.01
128	37/45	0.7%	139.95	120.0	771(2015162~2017216)	7	83	0.59	-0.63
038	39/45	0.73%	132.95	120.0	515(2016298~2018096)	114	270	2.03	-1.3
138	30/45	0.56%	171.55	120.0	826(2013069~2015178)	12	84	0.49	-0.6
238	38/45	0.71%	136.36	120.0	659(2006355~2009019)	12	33	0.24	-0.18
048	28/45	0.53%	183.38	120.0	554(2012298~2014135)	100	19	0.1	0.68
148	25/45	0.47%	204.54	120.0	1056(2014134~2017115)	147	218	1.07	-0.59
248	36/45	0.68%	143.73	120.0	577(2014178~2016038)	36	21	0.15	0.13
348	30/45	0.56%	171.55	120.0	1031(2017018~2019332)	215	1031	6.01	-6.8
058	30/45	0.56%	171.55	120.0	700(2016288~2018271)	700	423	2.47	2.31
158	35/45	0.66%	147.72	120.0	624(2018067~2019332)	349	624	4.22	-2.29
258	31/45	0.58%	166.19	120.0	707(2011158~2013147)	56	186	1.12	-1.08
358	29/45	0.55%	177.27	120.0	561(2015356~2017200)	128	11	0.06	0.98
458	26/45	0.49%	196.96	120.0	677(2005074~2007035)	91	15	0.08	0.63
068	43/45	0.81%	120.86	120.0	446(2008169~2009255)	0	39	0.32	-0.33
168	30/45	0.56%	171.55	120.0	647(2005357~2007288)	192	155	0.9	0.31
268	32/45	0.6%	161.15	120.0	500(2016246~2018029)	292	93	0.58	1.66
368	35/45	0.66%	147.72	120.0	1009(2015210~2018144)	229	320	2.17	-0.76
468	32/45	0.6%	161.15	120.0	390(2016031~2017062)	266	163	1.01	0.86
568	30/45	0.56%	171.55	120.0	552(2015110~2016303)	448	214	1.25	1.95
078	34/45	0.64%	151.94	120.0	556(2009234~2011073)	55	122	0.8	-0.56
178	30/45	0.56%	171.55	120.0	487(2015246~2017016)	101	254	1.48	-1.28
278	36/45	0.68%	143.73	120.0	555(2013134~2014330)	281	145	1.01	1.13
378	32/45	0.6%	161.15	120.0	464(2006315~2008064)	176	60	0.37	0.97
478	38/45	0.71%	136.36	120.0	745(2007313~2010062)	54	66	0.48	-0.1
578	43/45	0.81%	120.86	120.0	562(2005068~2006271)	117	48	0.4	0.58
678	17/45	0.32%	295.44	120.0	1585(2014274~2019068)	142	124	0.42	0.15
019	30/45	0.56%	171.55	120.0	618(2011214~2013114)	291	31	0.18	2.17
029	34/45	0.64%	151.94	120.0	538(2013045~2014224)	72	530	3.49	-3.82
129	29/45	0.55%	177.27	120.0	577(2014289~2016149)	102	100	0.56	0.02
039	27/45	0.51%	189.93	120.0	669(2010048~2011358)	444	132	0.69	2.6
139	40/45	0.75%	129.71	120.0	453(2010092~2011186)	105	370	2.85	-2.21
239	28/45	0.53%	183.38	120.0	514(2004023~2006103)	238	50	0.27	1.57
049	32/45	0.6%	161.15	120.0	589(2011057~2012287)	162	275	1.71	-0.94
149	44/45	0.83%	118.18	120.0	423(2016257~2017321)	15	135	1.14	-1.0
249	38/45	0.71%	136.36	120.0	518(2014284~2016085)	4	129	0.95	-1.04
349	38/45	0.71%	136.36	120.0	418(2006010~2007070)	34	27	0.2	0.06
059	28/45	0.53%	183.38	120.0	806(2011277~2014007)	434	51	0.28	3.19
159	37/45	0.7%	139.95	120.0	1030(2012230~2015185)	96	75	0.54	0.18
259	31/45	0.58%	166.19	120.0	827(2017222~2019332)	211	827	4.98	-5.13
359	33/45	0.62%	156.41	120.0	593(2012296~2014172)	8	232	1.48	-1.87
459	36/45	0.68%	143.73	120.0	505(2014301~2016089)	119	18	0.13	0.84
069	32/45	0.6%	161.15	120.0	480(2009295~2011058)	46	293	1.82	-2.06
169	34/45	0.64%	151.94	120.0	494(2016355~2018132)	314	94	0.62	1.83
269	25/45	0.47%	204.54	120.0	794(2016030~2018107)	62	156	0.76	-0.78
369	43/45	0.81%	120.86	120.0	657(2006070~2008012)	215	32	0.26	1.53
469	23/45	0.43%	221.58	120.0	635(2014314~2016232)	543	346	1.56	1.64
569	41/45	0.77%	126.62	120.0	793(2007018~2009173)	29	35	0.28	-0.05
079	29/45	0.55%	177.27	120.0	622(2017013~2018276)	622	418	2.36	1.7
179	26/45	0.49%	196.96	120.0	914(2015117~2017314)	185	87	0.44	0.82
279	27/45	0.51%	189.93	120.0	565(2016213~2018061)	21	153	0.81	-1.1
379	33/45	0.62%	156.41	120.0	531(2012238~2014051)	44	305	1.95	-2.18
479	39/45	0.73%	132.95	120.0	529(2015059~2016229)	260	61	0.46	1.66
579	30/45	0.56%	171.55	120.0	627(2004023~2006216)	167	294	1.71	-1.06
679	29/45	0.55%	177.27	120.0	756(2012171~2014210)	310	158	0.89	1.27
089	31/45	0.58%	166.19	120.0	644(2006013~2007299)	152	55	0.33	0.81
189	28/45	0.53%	183.38	120.0	519(2009337~2011139)	281	242	1.32	0.33
289	39/45	0.73%	132.95	120.0	442(2014357~2016082)	46	206	1.55	-1.33
389	28/45	0.53%	183.38	120.0	927(2005029~2007240)	426	17	0.09	3.41
489	31/45	0.58%	166.19	120.0	707(2013182~2015172)	23	173	1.04	-1.25
589	34/45	0.64%	151.94	120.0	648(2009108~2011039)	270	70	0.46	1.67
689	32/45	0.6%	161.15	120.0	569(2006313~2008246)	27	532	3.3	-4.21
789	44/45	0.83%	118.18	120.0	461(2005314~2007059)	64	7	0.06	0.48