001	23/60	0.43%	221.58	90.0	617(2006199~2008180)	36	79	0.36	-0.48
002	19/60	0.36%	265.9	90.0	862(2005216~2008005)	13	278	1.05	-2.94
003	28/60	0.53%	183.38	90.0	865(2015139~2017287)	299	137	0.75	1.8
004	13/60	0.24%	379.86	90.0	1705(2013349~2018263)	200	230	0.61	-0.33
005	18/60	0.34%	279.89	90.0	1229(2013246~2017042)	45	85	0.3	-0.44
006	12/60	0.23%	409.08	90.0	1993(2013226~2019070)	14	152	0.37	-1.53
007	14/60	0.26%	354.53	90.0	976(2005042~2007302)	793	64	0.18	8.1
008	12/60	0.23%	409.08	90.0	1139(2006109~2009253)	39	900	2.2	-9.57
009	11/60	0.21%	443.17	90.0	1724(2010272~2015205)	1107	216	0.49	9.9
011	12/60	0.23%	409.08	90.0	964(2010070~2012317)	960	105	0.26	9.5
022	10/60	0.19%	483.45	90.0	1589(2005285~2010163)	517	538	1.11	-0.23
033	19/60	0.36%	265.9	90.0	601(2004043~2006210)	88	174	0.65	-0.96
044	14/60	0.26%	354.53	90.0	1192(2016204~2019321)	1192	10	0.03	13.13
055	21/60	0.39%	241.73	90.0	816(2011127~2013225)	108	142	0.59	-0.38
066	15/60	0.28%	332.38	90.0	923(2007343~2010270)	805	240	0.72	6.28
077	16/60	0.3%	312.82	90.0	1595(2005010~2009252)	689	101	0.32	6.53
088	18/60	0.34%	279.89	90.0	824(2016207~2018314)	63	315	1.13	-2.8
099	10/60	0.19%	483.45	90.0	2582(2004023~2012103)	578	29	0.06	6.1
112	9/60	0.17%	531.8	90.0	1832(2014082~2019123)	62	149	0.28	-0.97
113	13/60	0.24%	379.86	90.0	1122(2006284~2010053)	331	324	0.85	0.08
114	20/60	0.38%	253.24	90.0	663(2011019~2012323)	232	276	1.09	-0.49
115	15/60	0.28%	332.38	90.0	1132(2010012~2013068)	160	922	2.77	-8.47
116	11/60	0.21%	443.17	90.0	1533(2014255~2018355)	33	304	0.69	-3.01
117	13/60	0.24%	379.86	90.0	1252(2014350~2018169)	160	364	0.96	-2.27
118	14/60	0.26%	354.53	90.0	922(2010060~2012265)	240	332	0.94	-1.02
119	17/60	0.32%	295.44	90.0	930(2011215~2014069)	212	629	2.13	-4.63
122	12/60	0.23%	409.08	90.0	1051(2016356~2019332)	148	1051	2.57	-10.03
133	24/60	0.45%	212.72	90.0	1525(2011035~2015127)	196	198	0.93	-0.02
144	20/60	0.38%	253.24	90.0	755(2013242~2015280)	312	268	1.06	0.49
155	13/60	0.24%	379.86	90.0	925(2010282~2013131)	113	114	0.3	-0.01
166	18/60	0.34%	279.89	90.0	1018(2009065~2012008)	452	165	0.59	3.19
177	14/60	0.26%	354.53	90.0	1137(2011286~2014348)	362	229	0.65	1.48
188	18/60	0.34%	279.89	90.0	719(2005189~2007192)	82	398	1.42	-3.51
199	10/60	0.19%	483.45	90.0	1369(2004023~2008323)	977	597	1.23	4.22
223	16/60	0.3%	312.82	90.0	1151(2010143~2013218)	329	14	0.04	3.5
224	20/60	0.38%	253.24	90.0	1002(2017041~2019326)	1002	5	0.02	11.08
225	11/60	0.21%	443.17	90.0	970(2016330~2019225)	970	110	0.25	9.56
226	11/60	0.21%	443.17	90.0	1013(2008237~2011174)	918	88	0.2	9.22
227	15/60	0.28%	332.38	90.0	1139(2005348~2009134)	342	334	1.0	0.09
228	12/60	0.23%	409.08	90.0	1484(2005087~2009218)	24	853	2.09	-9.21
229	15/60	0.28%	332.38	90.0	1039(2015328~2018292)	177	224	0.67	-0.52
233	11/60	0.21%	443.17	90.0	1207(2016200~2019332)	47	1207	2.72	-12.89
244	17/60	0.32%	295.44	90.0	724(2017325~2019332)	370	724	2.45	-3.93
255	12/60	0.23%	409.08	90.0	773(2004023~2007005)	522	637	1.56	-1.28
266	22/60	0.41%	231.22	90.0	809(2014165~2016257)	121	57	0.25	0.71
277	13/60	0.24%	379.86	90.0	1149(2016258~2019332)	665	1149	3.02	-5.38
288	23/60	0.43%	221.58	90.0	611(2005311~2007206)	315	45	0.2	3.0
299	15/60	0.28%	332.38	90.0	1081(2013330~2016336)	239	676	2.03	-4.86
334	14/60	0.26%	354.53	90.0	1130(2016277~2019332)	78	1130	3.19	-11.69
335	11/60	0.21%	443.17	90.0	875(2015349~2018149)	510	34	0.08	5.29
336	20/60	0.38%	253.24	90.0	833(2012084~2014200)	19	517	2.04	-5.53
337	12/60	0.23%	409.08	90.0	1042(2016300~2019267)	1042	68	0.17	10.82
338	15/60	0.28%	332.38	90.0	732(2010096~2012111)	553	520	1.56	0.37
339	24/60	0.45%	212.72	90.0	641(2010033~2011315)	60	634	2.98	-6.38
344	18/60	0.34%	279.89	90.0	694(2013354~2015331)	106	300	1.07	-2.16
355	18/60	0.34%	279.89	90.0	775(2017274~2019332)	56	775	2.77	-7.99
366	17/60	0.32%	295.44	90.0	813(2009314~2012052)	101	446	1.51	-3.83
377	15/60	0.28%	332.38	90.0	976(2017073~2019332)	644	976	2.94	-3.69
388	17/60	0.32%	295.44	90.0	839(2012073~2014195)	169	1	0.0	1.87
399	9/60	0.17%	531.8	90.0	1437(2011317~2015321)	28	1437	2.7	-15.66
445	14/60	0.26%	354.53	90.0	710(2012088~2014080)	228	139	0.39	0.99
446	20/60	0.38%	253.24	90.0	689(2009171~2011143)	1	146	0.58	-1.61
447	19/60	0.36%	265.9	90.0	752(2006339~2009096)	120	435	1.64	-3.5
448	12/60	0.23%	409.08	90.0	931(2009330~2012186)	514	115	0.28	4.43
449	11/60	0.21%	443.17	90.0	1364(2013146~2017077)	201	784	1.77	-6.48
455	12/60	0.23%	409.08	90.0	1183(2016217~2019325)	1183	6	0.01	13.08
466	16/60	0.3%	312.82	90.0	1452(2007300~2012040)	124	96	0.31	0.31
477	15/60	0.28%	332.38	90.0	1705(2009113~2014026)	179	355	1.07	-1.96
488	21/60	0.39%	241.73	90.0	618(2010095~2011354)	106	162	0.67	-0.62
499	18/60	0.34%	279.89	90.0	765(2006234~2009004)	398	73	0.26	3.61
556	14/60	0.26%	354.53	90.0	1123(2009169~2012217)	91	374	1.05	-3.14
557	24/60	0.45%	212.72	90.0	1016(2007212~2010232)	3	82	0.39	-0.88
558	22/60	0.41%	231.22	90.0	1023(2014195~2017143)	189	222	0.96	-0.37
559	15/60	0.28%	332.38	90.0	1207(2006229~2010083)	0	234	0.7	-2.6
566	22/60	0.41%	231.22	90.0	647(2007056~2009065)	101	598	2.59	-5.52
577	17/60	0.32%	295.44	90.0	1096(2007155~2010255)	41	721	2.44	-7.56
588	13/60	0.24%	379.86	90.0	1148(2014153~2017226)	3	12	0.03	-0.1
599	12/60	0.23%	409.08	90.0	1181(2011261~2015009)	661	99	0.24	6.24
667	21/60	0.39%	241.73	90.0	911(2014293~2017129)	361	302	1.25	0.66
668	14/60	0.26%	354.53	90.0	994(2007276~2010274)	189	607	1.71	-4.64
669	16/60	0.3%	312.82	90.0	1177(2009302~2013045)	125	415	1.33	-3.22
677	17/60	0.32%	295.44	90.0	832(2011186~2013300)	312	0	0.0	3.47
688	13/60	0.24%	379.86	90.0	1426(2006142~2010215)	483	521	1.37	-0.42
699	18/60	0.34%	279.89	90.0	879(2005351~2008236)	321	859	3.07	-5.98
778	21/60	0.39%	241.73	90.0	1172(2012169~2015266)	166	37	0.15	1.43
779	17/60	0.32%	295.44	90.0	838(2007092~2009292)	150	317	1.07	-1.86
788	12/60	0.23%	409.08	90.0	1009(2012165~2015099)	675	106	0.26	6.32
799	13/60	0.24%	379.86	90.0	1243(2004023~2008197)	276	76	0.2	2.22
889	19/60	0.36%	265.9	90.0	870(2010169~2012322)	228	69	0.26	1.77
899	24/60	0.45%	212.72	90.0	1299(2009047~2012271)	801	77	0.36	8.04