奖期,开奖号码
0302307  58771
0302308  45631
0302309  39348
0302310  95140
0302311  86679
0302312  00442
0302313  98057
0302314  48893
0302315  51186
0302316  72106
0302317  80988
0302318  39641
0302319  94204
0302320  16551
0302321  63562
0302322  42177
0302323  50690
0302324  46447
0302325  28807
0302326  15594
0302327  07973
0302328  27701
0302329  94725
0302330  05663
0302331  75689
0302332  89273
0302333  46451
0302334  63291
0302335  00021
0302336  73762
0302337  58067
0302338  79132
0302339  05134
0302340  11018
0302341  44321
0302342  21056
0302343  21719
0302344  75693
0302345  15792
0302346  29914
0302347  61720
0302348  41195
0302349  26435
0302350  35336
0302351  90118
0302352  83655
0302353  90254
0302354  25239
0302355  90963
0302356  22016
0302357  80989
0302358  60647
0302359  05292
0302360  39671
0302361  39312
0302362  50045
0302363  43359
0302364  41980
0302365  30453
0302366  92658