奖期,开奖号码
0300333  87022
0300334  47276
0300335  33130
0300336  90546
0300337  99765
0300338  46421
0300339  05501
0300340  04018
0300341  90166
0300342  64658
0300343  56870
0300344  76010
0300345  72131
0300346  40230
0300347  59975
0300348  84196
0300349  02691
0300350  21417
0300351  55590
0300352  36171
0300353  70240
0300354  54758
0300355  88987
0300356  01340
0300357  12340
0300358  99443
0300359  83835
0300360  81810
0300361  81154
0300362  16288
0300363  43022
0300364  24192
0300365  18888
0300366  94343
0300367  50587
0300368  35068
0300369  73571
0300370  67472
0300371  40428
0300372  28731
0300373  23924
0300374  25862
0300375  60082
0300376  96298
0300377  53077
0300378  75320
0300379  33661
0300380  26623
0300381  65654
0300382  64905
0300383  82177
0300384  21320
0300385  71426
0300386  60308
0300387  83043
0300388  05439
0300389  47157
0300390  57141
0300391  31953
0300392  95018
0300393  28060
0300394  93365
0300395  03011
0300396  67140
0300397  11284
0300398  87293
0300399  13639
0300400  58223
0300401  24158
0300402  06595
0300403  60007
0300404  49784
0300405  38312
0300406  63588
0300407  75744
0300408  13274
0300409  43397
0300410  67484
0300411  35687
0300412  63941
0300413  82633
0300414  10766
0300415  28773
0300416  76802
0300417  42419
0300418  05574
0300419  06906
0300420  69371
0300421  16980
0300422  25961
0300423  38233
0300424  31995
0300425  25961
0300426  28755
0300427  97141
0300428  95659
0300429  64272
0300430  50065
0300431  21096
0300432  33919
0300433  13525
0300434  11178
0300435  87998
0300436  71875
0300437  11676
0300438  24826
0300439  79112
0300440  93648
0300441  77027
0300442  25167
0300443  35018
0300444  10318
0300445  88487
0300446  65096
0300447  31420
0300448  38942
0300449  94242
0300450  75858
0300451  82219
0300452  57269
0300453  33318
0300454  87231
0300455  98273
0300456  33842
0300457  66451
0300458  12648
0300459  81479
0300460  77148
0300461  08775
0300462  29638
0300463  10927
0300464  58591
0300465  39078
0300466  05411
0300467  16596
0300468  30481
0300469  60878
0300470  77094
0300471  94702
0300472  39773
0300473  36265
0300474  24661
0300475  83707
0300476  71760
0300477  25545
0300478  73514
0300479  36100
0300480  93981
0300481  13367
0300482  75858
0300483  05782
0300484  49497
0300485  92900
0300486  99664
0300487  46663
0300488  30837
0300489  74691
0300490  86880
0300491  05945
0300492  67816
0300493  95624
0300494  34033
0300495  47860
0300496  43506
0300497  98319
0300498  39185
0300499  22540
0300500  01271
0300501  11556
0300502  35999
0300503  42418
0300504  74163
0300505  62547
0300506  20418
0300507  50897
0300508  36131
0300509  96760
0300510  11055
0300511  98453
0300512  28051
0300513  82781
0300514  86980
0300515  41844
0300516  62638
0300517  86516
0300518  69518
0300519  57384
0300520  38257
0300521  75685
0300522  65181
0300523  34048
0300524  84163
0300525  41835
0300526  79290
0300527  44238
0300528  84081
0300529  84662
0300530  10463
0300531  34556
0300532  35542
0300533  75261
0300534  44638
0300535  27779
0300536  63714
0300537  51456
0300538  71871
0300539  46698
0300540  15164
0300541  44416
0300542  31982
0300543  13392
0300544  65668
0300545  26543
0300546  01459
0300547  30611
0300548  06116
0300549  21856
0300550  28443
0300551  62488
0300552  02958
0300553  53350
0300554  07552
0300555  77718
0300556  38371
0300557  92575
0300558  33705
0300559  60953
0300560  90407
0300561  45449
0300562  97705
0300563  62257
0300564  97797
0300565  46275
0300566  61296
0300567  61008
0300568  01378
0300569  12478
0300570  60838
0300571  73974
0300572  91736
0300573  73531
0300574  40354
0300575  13085
0300576  26607
0300577  92055
0300578  87329
0300579  76438
0300580  65273
0300581  56070
0300582  83209
0300583  43709
0300584  06375
0300585  81338
0300586  79300
0300587  74886
0300588  99563
0300589  74144
0300590  03616
0300591  17753
0300592  54344
0300593  84162
0300594  67652
0300595  87480
0300596  04817
0300597  84054
0300598  88341
0300599  82200
0300600  45552
0300601  23583
0300602  49962
0300603  55141
0300604  50461
0300605  92645
0300606  57941
0300607  89575
0300608  70970
0300609  78930
0300610  72170
0300611  65588
0300612  52312
0300613  49005
0300614  58929
0300615  18657
0300616  08881
0300617  68155
0300618  73674
0300619  70574
0300620  38868
0300621  12802
0300622  50752
0300623  78115
0300624  64316
0300625  17349
0300626  33327
0300627  93250
0300628  58742
0300629  93661
0300630  34107
0300631  82289
0300632  43559
0300633  12212
0300634  96288
0300635  64771
0300636  51786
0300637  76546
0300638  92341
0300639  81191
0300640  51220
0300641  93624
0300642  12036
0300643  65900
0300644  67683
0300645  01661
0300646  07478
0300647  37902
0300648  80840
0300649  10740
0300650  14095
0300651  47967
0300652  94421
0300653  78558
0300654  50982
0300655  55928
0300656  33077
0300657  99816
0300658  05090
0300659  34498
0300660  32162
0300661  06979
0300662  16505
0300663  05861
0300664  28232
0300665  19582
0300666  22809
0300667  86083
0300668  48792
0300669  56685
0300670  62904
0300671  20306
0300672  93712
0300673  43659
0300674  28304
0300675  72958
0300676  42644
0300677  44568
0300678  73457
0300679  21929
0300680  75511
0300681  13826
0300682  88337
0300683  01090
0300684  22009
0300685  51057
0300686  93952
0300687  40409
0300688  03576
0300689  19632
0300690  97375
0300691  16048
0300692  09597
0300693  58418
0300694  66214
0300695  40485
0300696  77772
0300697  74117
0300698  01603
0300699  15313
0300700  69301
0300701  89433
0300702  65909
0300703  87189
0300704  54513
0300705  91617
0300706  58369
0300707  32832
0300708  72106
0300709  72733
0300710  80860
0300711  56325
0300712  46715
0300713  98025
0300714  79178
0300715  43537
0300716  21270
0300717  64107
0300718  13724
0300719  65153
0300720  35215
0300721  17614
0300722  44610
0300723  31622
0300724  21479
0300725  68187
0300726  74713
0300727  55120
0300728  72286
0300729  39415
0300730  96462
0300731  46254
0300732  86061
0300733  73440
0300734  49582
0300735  67593
0300736  33087
0300737  59955
0300738  82830
0300739  42205
0300740  36307
0300741  19842
0300742  73525
0300743  05810
0300744  36127
0300745  97788
0300746  13963
0300747  15614
0300748  97775
0300749  52421
0300750  28855
0300751  14577
0300752  26352
0300753  75673
0300754  61099
0300755  35319
0300756  25834
0300757  15667
0300758  92352
0300759  22512
0300760  44575
0300761  96813
0300762  06721
0300763  37866
0300764  99735
0300765  74060
0300766  51594
0300767  37363
0300768  16955
0300769  54387
0300770  56110
0300771  51055
0300772  06313
0300773  55490
0300774  18268
0300775  56363
0300776  84210
0300777  03233
0300778  43312
0300779  19720
0300780  57344
0300781  14949
0300782  00562
0300783  15716
0300784  80099
0300785  46223
0300786  83244
0300787  78741
0300788  95661
0300789  68099
0300790  09130
0300791  36512
0300792  17451
0300793  70395
0300794  72600
0300795  36880
0300796  29210
0300797  75876
0300798  61660
0300799  41737
0300800  27178
0300801  98231
0300802  22304
0300803  83941
0300804  48269
0300805  49009
0300806  55021
0300807  91379
0300808  68211
0300809  51210
0300810  45194
0300811  80704
0300812  43538
0300813  51029
0300814  14473
0300815  21394
0300816  41370
0300817  71589
0300818  35739
0300819  87906
0300820  09404
0300821  14090
0300822  07014
0300823  69249
0300824  99118
0300825  27031
0300826  92678
0300827  49021
0300828  52790
0300829  53205
0300830  47362
0300831  93329
0300832  91929
0300833  20807
0300834  57304
0300835  67984
0300836  58494
0300837  92494
0300838  02147
0300839  19353
0300840  35917
0300841  13318
0300842  55155
0300843  58494
0300844  33941
0300845  22223
0300846  11712
0300847  78045
0300848  78466
0300849  34181
0300850  34210
0300851  89167
0300852  90985
0300853  59101
0300854  63725
0300855  32026
0300856  17368
0300857  48162
0300858  26580
0300859  74398
0300860  46958
0300861  17467
0300862  97200
0300863  66241
0300864  62262
0300865  85503
0300866  50314
0300867  23275
0300868  06194
0300869  74340
0300870  10573
0300871  71531
0300872  07806
0300873  42476
0300874  56995
0300875  10803
0300876  49953
0300877  28534
0300878  09221
0300879  98619
0300880  26079
0300881  01188
0300882  42309
0300883  25697
0300884  76270
0300885  30858
0300886  44037
0300887  18464
0300888  43480
0300889  97422
0300890  72995
0300891  80694
0300892  66770
0300893  31630
0300894  91441
0300895  74745
0300896  77687
0300897  19635
0300898  58730
0300899  48100
0300900  76622
0300901  09205
0300902  96574
0300903  80479
0300904  82091
0300905  50308
0300906  91570
0300907  57014
0300908  75444
0300909  45688
0300910  03397
0300911  35838
0300912  64284
0300913  00451
0300914  08698
0300915  13184
0300916  04315
0300917  99707
0300918  50214
0300919  52829
0300920  96976
0300921  70380
0300922  51540
0300923  52154
0300924  64027
0300925  92929
0300926  23204
0300927  54228
0300928  47810
0300929  47491
0300930  27980
0300931  11104
0300932  95967
0300933  08110
0300934  62783
0300935  16958
0300936  48059
0300937  95722
0300938  11790
0300939  66128
0300940  02458
0300941  46544
0300942  96712
0300943  27433
0300944  11375
0300945  55410
0300946  22308
0300947  32077
0300948  75474
0300949  75476
0300950  57615
0300951  76621
0300952  33725
0300953  63368
0300954  14057
0300955  65033
0300956  20182
0300957  34693
0300958  77897
0300959  74261
0300960  96422
0300961  88046
0300962  67540
0300963  64025
0300964  86564
0300965  14343
0300966  19916
0300967  88751
0300968  66864
0300969  58279
0300970  31971
0300971  32759
0300972  44213
0300973  67067
0300974  47692
0300975  03860
0300976  55272
0300977  26082
0300978  50512
0300979  35823
0300980  13462
0300981  62976
0300982  67448
0300983  90716
0300984  83811
0300985  88695
0300986  76279
0300987  83699
0300988  07969
0300989  87214
0300990  69549
0300991  41980
0300992  31807
0300993  81555
0300994  29853
0300995  86976
0300996  08675
0300997  20319
0300998  81377
0300999  02674
0301000  12426
0301001  16132
0301002  76618
0301003  31095
0301004  68523
0301005  26981
0301006  33122
0301007  10466
0301008  25919
0301009  10741
0301010  22409
0301011  08244
0301012  86746
0301013  64689
0301014  92954
0301015  40920
0301016  99473
0301017  80123
0301018  10362
0301019  19608
0301020  31338
0301021  92504
0301022  48079
0301023  90754
0301024  14702
0301025  33828
0301026  45832
0301027  44786
0301028  06375
0301029  33972
0301030  06837
0301031  15147
0301032  76873
0301033  54749
0301034  19063
0301035  94560
0301036  23771
0301037  47958
0301038  49793
0301039  23945
0301040  79357
0301041  90876
0301042  66419
0301043  60831
0301044  84401
0301045  85543
0301046  31720
0301047  34999
0301048  42863
0301049  91466
0301050  01165
0301051  89204
0301052  88222
0301053  83548
0301054  48321
0301055  87119
0301056  40520
0301057  60430
0301058  81952
0301059  92655
0301060  96088
0301061  61614
0301062  09623
0301063  37699
0301064  94588
0301065  49295
0301066  66035
0301067  90285
0301068  32154
0301069  49361
0301070  72029
0301071  07016
0301072  84786
0301073  66280
0301074  75529
0301075  84305
0301076  27251
0301077  82073
0301078  65269
0301079  18069
0301080  16849
0301081  78320
0301082  67802
0301083  56124
0301084  18764
0301085  99796
0301086  56216
0301087  98436
0301088  01283
0301089  75586
0301090  26307
0301091  76349
0301092  63088
0301093  73616
0301094  79162
0301095  48892
0301096  60635
0301097  23569
0301098  10566
0301099  60497
0301100  77730
0301101  87947
0301102  91208
0301103  41757
0301104  77127
0301105  75134
0301106  66173
0301107  04209
0301108  86545
0301109  04304
0301110  82425
0301111  56846
0301112  67910
0301113  43927
0301114  26646
0301115  86621
0301116  13413
0301117  40793
0301118  86946
0301119  90581
0301120  52530
0301121  59791
0301122  98112
0301123  88430
0301124  40585
0301125  50677
0301126  73300
0301127  06943
0301128  73284
0301129  81834
0301130  38883
0301131  76948
0301132  29479
0301133  01672
0301134  02876
0301135  04385
0301136  01268
0301137  88506
0301138  32314
0301139  60173
0301140  14864
0301141  70387
0301142  30632
0301143  98947
0301144  42600
0301145  33066
0301146  48429
0301147  18972
0301148  91588
0301149  83778
0301150  85734
0301151  98647
0301152  06172
0301153  40831
0301154  90954
0301155  01582
0301156  14390
0301157  69395
0301158  34451
0301159  45037
0301160  43349
0301161  15044
0301162  49034
0301163  62840
0301164  49843
0301165  80780
0301166  00741
0301167  81670
0301168  08017
0301169  51050
0301170  68598
0301171  86045
0301172  78552
0301173  71824
0301174  05958
0301175  91186
0301176  07287
0301177  25495
0301178  97800
0301179  38444
0301180  55717
0301181  70890
0301182  10919
0301183  87679
0301184  09835
0301185  87257
0301186  76606
0301187  37065
0301188  80073
0301189  76915
0301190  19960
0301191  01918
0301192  10663
0301193  06262
0301194  39959
0301195  14323
0301196  45117
0301197  61274
0301198  75777
0301199  72956
0301200  50452
0301201  91423
0301202  56842
0301203  12682
0301204  71034
0301205  26162
0301206  15961
0301207  53175
0301208  50082
0301209  41995
0301210  51705
0301211  62880
0301212  52747
0301213  68055
0301214  39008
0301215  44077
0301216  20630
0301217  82552
0301218  68744
0301219  93290
0301220  64001
0301221  05372
0301222  27027
0301223  74066
0301224  67092
0301225  66380
0301226  89837
0301227  19488
0301228  44583
0301229  49470
0301230  19426
0301231  39290
0301232  47094
0301233  05868
0301234  00496
0301235  30771
0301236  71590
0301237  07113
0301238  46616
0301239  42029
0301240  25297
0301241  06150
0301242  02789
0301243  73722
0301244  19043
0301245  71755
0301246  40966
0301247  13196
0301248  41384
0301249  73811
0301250  48512
0301251  39559
0301252  83286
0301253  05020
0301254  92229
0301255  30279
0301256  96904
0301257  70843
0301258  35163
0301259  06388
0301260  32044
0301261  11214
0301262  91539
0301263  89678
0301264  56807
0301265  60185
0301266  24633
0301267  65599
0301268  62641
0301269  11155
0301270  37826
0301271  52074
0301272  57815
0301273  07577
0301274  81797
0301275  85016
0301276  76879
0301277  62179
0301278  43320
0301279  99229
0301280  25596
0301281  38597
0301282  49778
0301283  89112
0301284  76984
0301285  21879
0301286  33932
0301287  89515
0301288  76707
0301289  16344
0301290  60430
0301291  55323
0301292  27382
0301293  79983
0301294  52939
0301295  80270
0301296  04915
0301297  64941
0301298  86511
0301299  76225
0301300  34047
0301301  79864
0301302  70873
0301303  46477
0301304  12718
0301305  45381
0301306  29346
0301307  60413
0301308  47462
0301309  90159
0301310  39255
0301311  80787
0301312  74805
0301313  35664
0301314  53683
0301315  22686
0301316  16430
0301317  41583
0301318  56969
0301319  69272
0301320  68145
0301321  17773
0301322  40240
0301323  58139
0301324  71016
0301325  20792
0301326  26023
0301327  27393
0301328  84546
0301329  06880
0301330  70810
0301331  74283
0301332  27615
0301333  58009
0301334  02187
0301335  65596
0301336  05128
0301337  25478
0301338  85659
0301339  20475
0301340  71152
0301341  83443
0301342  41752
0301343  76472
0301344  92043
0301345  03661
0301346  33159
0301347  93852
0301348  52174
0301349  29718
0301350  36037
0301351  69807
0301352  30195
0301353  41660
0301354  54225
0301355  26018
0301356  08918
0301357  34053
0301358  03671
0301359  01576
0301360  51166
0301361  34126
0301362  77881
0301363  54519
0301364  38602
0301365  61627
0301366  51315
0301367  37339
0301368  62034
0301369  34832
0301370  34556
0301371  10564
0301372  29884
0301373  31933
0301374  58841
0301375  73296
0301376  11003
0301377  86794
0301378  61206
0301379  49394
0301380  79682
0301381  51430
0301382  90866
0301383  17080
0301384  69327
0301385  72420
0301386  86910
0301387  07115
0301388  35942
0301389  09407
0301390  94874
0301391  65488
0301392  50129
0301393  07288
0301394  24985
0301395  53959
0301396  48072
0301397  88064
0301398  63117
0301399  47109
0301400  34736
0301401  85116
0301402  00094
0301403  37111
0301404  35757
0301405  42893
0301406  37555
0301407  96036
0301408  68698
0301409  87229
0301410  11075
0301411  88678
0301412  06569
0301413  54751
0301414  45610
0301415  51486
0301416  45125
0301417  19851
0301418  18366
0301419  47352
0301420  28592
0301421  49518
0301422  68509
0301423  66274
0301424  44727
0301425  24704
0301426  37968
0301427  01773
0301428  33596
0301429  73241
0301430  84987
0301431  13403
0301432  93209
0301433  02903
0301434  49977
0301435  85140
0301436  68960
0301437  10067
0301438  39476
0301439  00993
0301440  09431
0301441  62945
0301442  74717
0301443  59120
0301444  03574
0301445  76872
0301446  17653
0301447  76816
0301448  53160
0301449  36660
0301450  35120
0301451  37581
0301452  68871
0301453  75437
0301454  03239
0301455  89690
0301456  74505
0301457  12224
0301458  89457
0301459  33656
0301460  90775
0301461  12843
0301462  73596
0301463  87724
0301464  73307
0301465  16615
0301466  76472
0301467  41530
0301468  97062
0301469  69032
0301470  87203
0301471  45202
0301472  97750
0301473  34865
0301474  07726
0301475  47614
0301476  71286
0301477  89985
0301478  74433
0301479  42101
0301480  08109
0301481  07846
0301482  29987
0301483  68876
0301484  80031
0301485  89251
0301486  84646
0301487  20021
0301488  37831
0301489  28600
0301490  75515
0301491  06474
0301492  07778
0301493  27738
0301494  64483
0301495  26981
0301496  70626
0301497  26844
0301498  34226
0301499  50729
0301500  97957
0301501  43103
0301502  21466
0301503  56096
0301504  40842
0301505  52744
0301506  93665
0301507  68619
0301508  64355
0301509  84467
0301510  07580
0301511  63361
0301512  38243
0301513  19839
0301514  65751
0301515  45506
0301516  36765
0301517  71947
0301518  34647
0301519  48087
0301520  38882
0301521  58945
0301522  92741
0301523  54003
0301524  35905
0301525  77610
0301526  35358
0301527  81950
0301528  76524
0301529  90655
0301530  39877
0301531  34511
0301532  08016
0301533  82184
0301534  17672
0301535  08267
0301536  06444
0301537  64756
0301538  92575
0301539  63437
0301540  59244
0301541  85063
0301542  26607
0301543  13667
0301544  90504
0301545  79261
0301546  11209
0301547  14588
0301548  53060
0301549  31309
0301550  22356
0301551  55390
0301552  86726
0301553  83888
0301554  11688
0301555  48395
0301556  83527
0301557  93122
0301558  11756
0301559  61501
0301560  97949
0301561  06076
0301562  04126
0301563  40834
0301564  80365
0301565  06536
0301566  00420
0301567  97054
0301568  10908
0301569  86831
0301570  22381
0301571  94513
0301572  09951
0301573  30328
0301574  47291
0301575  04855
0301576  37121
0301577  15271
0301578  00621
0301579  84074
0301580  91861
0301581  88787
0301582  72797
0301583  83905
0301584  07525
0301585  90139
0301586  50078
0301587  95308
0301588  67527
0301589  08823
0301590  39176
0301591  73754
0301592  19145
0301593  95041
0301594  77811
0301595  50300
0301596  07110
0301597  78249
0301598  76020
0301599  93506
0301600  87582
0301601  95748
0301602  07026
0301603  48583
0301604  41285
0301605  52420
0301606  78105
0301607  07577
0301608  95349
0301609  86612
0301610  69094
0301611  60554
0301612  80922
0301613  77570
0301614  19952
0301615  99642
0301616  23346
0301617  52849
0301618  20474
0301619  98725
0301620  37255
0301621  76027
0301622  53773
0301623  95978
0301624  23884
0301625  11634
0301626  02541
0301627  73056
0301628  29686
0301629  23253
0301630  09270
0301631  65574
0301632  37902
0301633  42652
0301634  86379
0301635  30767
0301636  88288
0301637  08167
0301638  95047
0301639  52575
0301640  69067
0301641  36358
0301642  50932
0301643  90158
0301644  88978
0301645  72834
0301646  69938
0301647  92150
0301648  34922
0301649  37514
0301650  45600
0301651  69198
0301652  82984
0301653  54861
0301654  57415
0301655  01114
0301656  04882
0301657  85870
0301658  36598
0301659  71934
0301660  36304
0301661  28970
0301662  51951
0301663  96956
0301664  05265
0301665  23051
0301666  73291
0301667  86610
0301668  91436
0301669  99337
0301670  30880
0301671  29304
0301672  23789
0301673  76940
0301674  03563
0301675  19759
0301676  04794
0301677  11084
0301678  85529
0301679  84854
0301680  24748
0301681  53620
0301682  69416
0301683  47547
0301684  33054
0301685  68475
0301686  51382
0301687  34578
0301688  09069
0301689  87198
0301690  88796
0301691  69255
0301692  47869
0301693  82108
0301694  80060
0301695  69966
0301696  14407
0301697  94621
0301698  90874
0301699  40031
0301700  83661
0301701  98054
0301702  71774
0301703  01814
0301704  82160
0301705  31262
0301706  10696
0301707  63869
0301708  44024
0301709  53019
0301710  75168
0301711  87468
0301712  54619
0301713  90959
0301714  57903
0301715  98083
0301716  72548
0301717  04862
0301718  92639
0301719  10354
0301720  96662
0301721  03542
0301722  86487
0301723  74382
0301724  95022
0301725  38381
0301726  54450
0301727  77458
0301728  07330
0301729  24986
0301730  29529
0301731  38204
0301732  01307
0301733  01566
0301734  32490
0301735  54254
0301736  45262
0301737  85487
0301738  89750
0301739  67481
0301740  77104
0301741  52048
0301742  77811
0301743  56540
0301744  34888
0301745  81986
0301746  39067
0301747  89734
0301748  73911
0301749  89230
0301750  09657
0301751  85613
0301752  52152
0301753  44995
0301754  95979
0301755  93913
0301756  09177
0301757  07540
0301758  85206
0301759  15996
0301760  35520
0301761  77854
0301762  02777
0301763  88790
0301764  15083
0301765  23300
0301766  30111
0301767  40354
0301768  16941
0301769  77747
0301770  34537
0301771  21856
0301772  76825
0301773  16478
0301774  84822
0301775  59303
0301776  28246
0301777  14375
0301778  68050
0301779  05448
0301780  08565
0301781  30411
0301782  74816
0301783  86832
0301784  24149
0301785  66842
0301786  43261
0301787  32368
0301788  78335
0301789  45869
0301790  65094
0301791  51870
0301792  77401
0301793  98225